4087
4095
3998
3998
4008
3984
4248
4047
4154
4290
4324
4225
4170
4331
4242
4242
4242
4210
4178
4250
4298
4234
4298
4274
4421
4333
4283
4365
4385
4393
4457
4472
4873
4553
4457
4690
4890
4882
5013
4978
5300
5139
5123
5259
5283
5423
5427
5427
5379
5603
5603
5674
5507
5475
5743
5703
5799
5879
5919
5887
5887
5964
5887
5887
5776
6002
5922
6127
6191
6087
6175
6263
6295
6303
6391
6439
6471
6547
6443
6643
6704
6712
6688
6848
7291
7243
7195
7355
7331
7435
7459
7459
7688
7648
7688
7752
7824
7824
7760
7728
7696
7948
7774
7990
7982
7982
8221
8189
8245
8277
8293
8349
8269
8445
8493
8493
8597
8613
8586
8642
8730
8690
8834
8834
8706
8802
8770
8834
8858
8938
8973
9077
9109
9141
9156
9228
9268
9386
9306
9394
9458
9458
9450
9546
9546
9594
9626
9658
9658
9658
9684
9668
9764
9836
9836
9885
9836
9804
9836
9900
9897
9951
10023
10095
10132
10163
10187
10259
10307
10307
10307
10275
10371
10435
10339
10275
10307
10342
10359
10343
10307
10307
10243
10243
10307
10307
10275
10352
10275
10275
10363
10371
10571
10475
10539
10576
10507
10507
10507
10539
10539
10539
10507
10443
10571
10539
10539
10589
10539
10539
10507
10602
10795
10475
10539
10574
10539
10507
10539
10539
10507
10664
10624
10736
10784
10688
10880
10959
10888
10952
10912
10936
11032
11072
11192
11112
11344
11264
11424
11648
11616
11648
11688
11672
11736
11800
11872
11872
11907
11915
11939
12043
11979
12043
11979
12043
12011
12043
12090
12106
12178
12233
12273
12369
12369
12337
12337
12401
12369
12369
12305
12411
12427
12419
12531
12571
12603
12603
12634
12618
12722
12730
12803
12795
12794
12762
12794
12698
12762
12762
12795
12762
12823
12783
12767
12919
12959
12992
13008
13048
13128
13128
13128
13128
13128
13128
13142
13244
13316
13356
13324
13388
13404
13484
13532
13468
13468
13586
13578
13650
13759
13711
13727
13863
13881
13985
13897
13993
14013
14053
14189
14188
14236
14340
14356
14410
14362
14394
14498
14578
14578
14597
14541
14561
14693
14725
14693
14725
14880
14832
14928
14936
14968
14968
15072
15112
15152
15192
15304
15312
15312
15248
15312
15280
15280
15344
15400
15424
15432
15504
15504
15504
15536
15536
15536
15504
15568
15536
15504
15536
15440
15504
15580
15640
15672
15752
15800
15768
15993
15953
16057
16073
16121
16193
16177
16354
16378
16482
16592
16754
16601
16747
16739
16763
16867
16843
16867
17052
17112
17128
17235
17518
17478
17526
17606
17606
17574
17606
17654
17606
17634
17542
17574
17638
17606
17668
17606
17574
17577
17606
17712
17768
17784
17824
17856
17824
17856
17856
17913
17824
17948
17856
17856
17856
17881
17856
17856
17856
17857
17792
17911
17881
17873
18001
18098
18114
18146
18178
18242
18242
18242
18242
18312
18240
18440
18552
18608
18640
18640
18680
18863
18815
18943
18967
18999
18999
19008
19168
19216
19256
19393
19385
19465
19465
19553
19659
19675
19683
19795
19870
19803
19844
19892
19932
19972
19908
20004
19972
20132
20116
20156
20228
20236
20252
20316
20380
20452
20539
20515
20563
20587
20691
20747
20763
20811
20883
20923
20891
20891
20891
20923
20964
20980
20988
21092
21068
21100
21179
21171
21251
21291
21339
21473
21489
21561
21641
21609
21609
21633
21649
21745
21785
21753
21785
21785
21785
21787
21785
21835
21785
21785
21785
21785
21785
21785
21785
21785
21817
21785
21785
21845
21785
21849
21865
21873
21983
21991
22095
22135
22071
22103
22181
22135
22135
22135
22135
22135
22229
22245
22261
22301
22365
22405
22453
22517
22453
22485
22512
22528
22632
22632
22664
23025
23017
23089
23105
23177
23201
23281
23225
23361
23361
23457
23425
23433
23465
23537
23609
23649
23697
23809
23849
23841
23996
24067
24183
24111
24175
24167
24159
24319
24407
24416
24400
24496
24560
24608
24576
24576
24683
24747
24763
24871
24899
24899
24931
24869
24963
24899
24942
24867
24935
24899
24899
24940
24803
24867
24899
24899
24899
24901
24899
24948
24899
24936
24835
24901
24899
24931
24880
25140
25028
25164
25124
25228
25336
25288
25296
25392
25400
25496
25496
25489
25593
25690
25746
25802
25770
25786
25834
25810
25866
25866
25938
26148
26100
26132
26156
26244
26252
26300
26308
26364
26340
26420
26420
26404
26492
26476
26484
26548
26604
26572
26644
26668
26724
26732
26748
26748
26820
26764
26932
26972
26908
26972
27024
27008
27144
27193
27177
27257
27329
27377
27377
27414
27518
27558
27558
27558
27558
27598
27558
27603
27558
27608
27664
27728
27839
27801
27859
27672
27832
27736
27768
27736
27768
27736
27806
27798
27946
27958
28023
28048
28138
28194
28285
28349
28448
28408
28512
28592
28584
28664
28696
28728
28734
28696
28696
28728
28696
28664
28728
28728
28696
28795
28762
28760
28764
28728
28728
28767
28828
28820
28916
28916
28884
28916
28958
28948
28916
28916
28916
28884
28916
28916
28916
28884
28957
28917
29050
29123
29139
29211
29335
29259
29259
29270
29326
29475
29446
29414
29414
29414
29414
29446
29414
29446
29478
29505
29537
29617
29617
29689
29838
29729
29910
29898
29793
29793
29842
29729
29838
29850
29761
29825
29825
29889
29849
29929
30001
30141
30157
30157
30181
30221
30277
30317
30341
30349
30397
30405
30493
30405
30549
30565
30613
30637
30605
30645
30653
30709
30741
30921
30945
30921
30993
31073
31121
31097
31444
31382
31406
31462
31430
31438
31494
31542
31598
31566
31574
31614
31662
31718
31718
31694
31766
31822
31854
31798
31918
31926
32051
32044
32036
32227
32211
32382
32334
32438
32414
32550
32630
32606
32606
32691
32683
32715
32771
32827
32835
32947
32979
32883
32979
33020
32980
33020
33116
33251
33347
33267
33411
33590
33534
33499
33499
33608
33560
33664
33704
33882
33874
33930
33986
33962
34026
33986
34090
34138
34154
34250
34250
34298
34346
34456
34512
34560
34536
34713
34696
34696
34664
34798
34743
34728
34783
34664
34696
34728
34751
34791
34895
34863
34863
34928
34899
34831
34863
34875
34799
34863
34799
34863
34863
34831
34799
34863
34863
34831
34907
34863
34863
34863
34831
34799
34898
34863
34799
34831
34896
34878
34799
34863
34799
34863
34863
34899
34799
34863
34895
34915
34995
34971
35003
35035
35003
35035
35035
35035
35035
35035
35003
34971
34971
35077
35101
35141
35181
35233
35249
35353
35409
35409
35409
35377
35414
35409
35453
35405
35613
35504
35680
35680
35712
35712
35764
35756
35900
35947
35884
35916
35916
35916
35884
35820
35884
35916
35916
35916
35916
35852
36044
35947
35916
35948
35852
35852
35884
35964
36015
36039
35999
36245
36039
36135
36103
36103
36178
36170
36290
36332
36282
36315
36339
36438
36435
36403
36403
36435
36451
36491
36483
36555
36595
36627
36683
36691
36707
36747
36803
36811
36755
36843
36851
36907
36939
37047
37039
37055
37159
37247
37167
37271
37295
37367
37327
37367
37431
37471
37503
37471
37439
37471
37503
37535
37471
37439
37471
37542
37471
37471
37471
37471
37471
37507
37407
37422
37573
37477
37653
37691
37677
37764
37677
37807
37732
37742
37677
37709
37677
37645
37745
37709
37613
37709
37709
37709
37709
37677
37709
37709
37760
37677
37764
37645
37777
37677
37709
37709
37709
37645
37709
37645
37709
37754
37730
37844
37866
37866
37802
37898
37866
37898
37866
37834
37899
37802
37834
37866
37963
37866
37834
37905
37898
37770
37838
37854
37902
37998
38022
38056
38072
38112
38184
38228
38220
38284
38340
38372
38437
38526
38478
38534
38598
38734
38726
38758
38758
38758
38726
38726
38726
38790
38726
38790
38758
38750
38750
38782
38782
38782
38819
38750
38718
38822
38814
38894
38910
39031
39032
39104
39216
39152
39192
39224
39226
39160
39160
39226
39224
39303
39320
39409
39231
39240
39128
39096
39096
39293
39261
39413
39429
39429
39493
39493
39397
39524
39540
39365
39397
39435
39397
39469
39365
39479
39429
39397
39429
39472
39413
39453
39421
39453
39453
39455
39421
39421
39389
39485
39506
39501
39500
39437
39437
39482
39437
39445
39779
39600
39573
39565
39597
39565
39533
39533
39633
39565
39691
39706
39826
39850
40030
40030
40078
40126
40198
40134
40230
40198
40230
40102
40166
40134
40444
40707
40755
40811
40867
40915
40979
41059
41203
41059
41091
41123
41123
41123
41123
41190
41166
41118
41262
41319
41190
41383
41222
41354
41282
41490
41551
41490
41458
41715
41707
41787
41707
41819
41859
41907
41955
42019
42099
42179
42115
42162
42151
42143
42327
42389
42271
42335
42303
42344
42335
42303
42335
42303
42457
42449
42433
42417
42489
42513
42739
42699
42683
42936
42960
43000
43025
42960
42928
42992
43024
42928
43027
43083
43003
43083
43259
43368
43358
43438
43502
43534
43470
43534
43572
43564
43700
43684
43771
43716
43684
43748
43716
43780
43684
43716
43620
43780
43716
43716
43794
43658
43770
43930
43962
43898
43866
44072
43984
43834
43930
44030
44062
44152
44104
44242
44232
44200
44264
44168
44232
44232
44168
44168
44232
44268
44316
44396
44420
44356
44550
44414
44494
44446
44749
44837
44930
44982
44917
44853
44821
44949
44853
44853
44979
44939
45051
45139
45185
45140
45011
44947
45107
45043
45075
45011
45107
45139
45162
45218
45258
45290
45258
45322
45322
45258
45162
45290
45226
45290
45290
45290
45374
45206
45422
45501
45461
45581
45637
45573
45573
45637
45573
45541
45605
45637
45605
45605
45637
45605
45573
45545
45769
45832
45760
45872
45952
